stations = {
    'Port Orford, OR'
    'Charleston, OR'
    'South Beach, OR'
    'Garibaldi, OR'
    'Cape Disappointment, WA'
    'Westport, WA'
    'La Push, Quillayute River, WA'
    'Neah Bay, WA'
    };

ids = [
    9431647
    9432780
    9435380
    9437540
    9440581
    9441102
    9442396
    9443090
    ];

lons = [
    -124.4983
    -124.3217
    -124.0450
    -123.9183
    -124.0467
    -124.1050
    -124.6350
    -124.6017
    ];

lats = [
    42.7383
    43.3450
    44.6250
    45.5550
    46.2817
    46.9050
    47.9133
    48.3700
    ];