%p1 = [126 + 18/60 + 1/3600, 33 + 57/60 + 43/3600]; % 추자도
p2 = [127 + 18/60 + 32/3600, 34 + 1/60 + 42/3600]; % 거문도
%p3 = [128 + 41/60 + 57/3600, 34 + 48/60 + 5/3600]; % 거제도
p4 = [127 + 20/60 + 34/3600, 34 + 28/60 + 52/3600]; % 고흥발포
p5 = [128 + 26/60 + 5/3600, 34 + 49/60 + 40/3600]; % 통영

